ID,chrom,loc.start,loc.end,seq_length
TCGA-LQ-A4E4-01,1,3218610,34123298,30904688
TCGA-LQ-A4E4-01,1,34127515,70924375,36796860
TCGA-LQ-A4E4-01,1,70924781,70926472,1691
TCGA-LQ-A4E4-01,1,70927078,91949340,21022262
TCGA-LQ-A4E4-01,1,91953305,91968382,15077
TCGA-LQ-A4E4-01,1,91969607,91972884,3277
TCGA-LQ-A4E4-01,1,91981484,92271920,290436
TCGA-LQ-A4E4-01,1,92273473,166910993,74637520
TCGA-LQ-A4E4-01,1,166911149,176134978,9223829
TCGA-LQ-A4E4-01,1,176136273,176136538,265
TCGA-LQ-A4E4-01,1,176144245,179143796,2999551
TCGA-LQ-A4E4-01,1,179149290,183731702,4582412
TCGA-LQ-A4E4-01,1,183732119,210809297,27077178
TCGA-LQ-A4E4-01,1,210809492,210809946,454
TCGA-LQ-A4E4-01,1,210810054,247813706,37003652
TCGA-LQ-A4E4-01,2,484222,104509110,104024888
TCGA-LQ-A4E4-01,2,104511930,104512226,296
TCGA-LQ-A4E4-01,2,104513507,142686802,38173295
TCGA-LQ-A4E4-01,2,142687302,142994328,307026
TCGA-LQ-A4E4-01,2,142994382,153441584,10447202
TCGA-LQ-A4E4-01,2,153443817,153448642,4825
TCGA-LQ-A4E4-01,2,153449322,167211490,13762168
TCGA-LQ-A4E4-01,2,167217173,167217237,64
TCGA-LQ-A4E4-01,2,167218669,209444139,42225470
TCGA-LQ-A4E4-01,2,209448346,209452303,3957
TCGA-LQ-A4E4-01,2,209452512,242476062,33023550
TCGA-LQ-A4E4-01,3,2212571,13012993,10800422
TCGA-LQ-A4E4-01,3,13018263,13018488,225
TCGA-LQ-A4E4-01,3,13018985,71460150,58441165
TCGA-LQ-A4E4-01,3,71462797,71464332,1535
TCGA-LQ-A4E4-01,3,71464335,168967323,97502988
TCGA-LQ-A4E4-01,3,168968258,169457557,489299
TCGA-LQ-A4E4-01,3,169458199,197538677,28080478
TCGA-LQ-A4E4-01,4,1053934,188763651,187709717
TCGA-LQ-A4E4-01,5,914233,10358853,9444620
TCGA-LQ-A4E4-01,5,10362340,11215132,852792
TCGA-LQ-A4E4-01,5,11218488,11526537,308049
TCGA-LQ-A4E4-01,5,11526773,11531390,4617
TCGA-LQ-A4E4-01,5,11534360,111586221,100051861
TCGA-LQ-A4E4-01,5,111586429,111586487,58
TCGA-LQ-A4E4-01,5,111587880,114756455,3168575
TCGA-LQ-A4E4-01,5,114756637,114756821,184
TCGA-LQ-A4E4-01,5,114756862,125882870,11126008
TCGA-LQ-A4E4-01,5,125884874,125884934,60
TCGA-LQ-A4E4-01,5,125884984,126457615,572631
TCGA-LQ-A4E4-01,5,126458126,126458317,191
TCGA-LQ-A4E4-01,5,126463639,131931623,5467984
TCGA-LQ-A4E4-01,5,131934292,132272356,338064
TCGA-LQ-A4E4-01,5,132278074,180360469,48082395
TCGA-LQ-A4E4-01,6,1014281,6935147,5920866
TCGA-LQ-A4E4-01,6,6935350,6936571,1221
TCGA-LQ-A4E4-01,6,6936661,98636375,91699714
TCGA-LQ-A4E4-01,6,98640180,98641374,1194
TCGA-LQ-A4E4-01,6,98641766,126635277,27993511
TCGA-LQ-A4E4-01,6,126636277,126729058,92781
TCGA-LQ-A4E4-01,6,126737304,170903919,44166615
TCGA-LQ-A4E4-01,7,705284,99690690,98985406
TCGA-LQ-A4E4-01,7,99691007,99693552,2545
TCGA-LQ-A4E4-01,7,99695131,158385118,58689987
TCGA-LQ-A4E4-01,8,617667,141542750,140925083
TCGA-LQ-A4E4-01,8,141546724,141547226,502
TCGA-LQ-A4E4-01,8,141549881,145232496,3682615
TCGA-LQ-A4E4-01,9,789932,140938752,140148820
TCGA-LQ-A4E4-01,10,415240,91537082,91121842
TCGA-LQ-A4E4-01,10,91543670,104076318,12532648
TCGA-LQ-A4E4-01,10,104076838,107531578,3454740
TCGA-LQ-A4E4-01,10,107543621,135225087,27681466
TCGA-LQ-A4E4-01,11,456120,11903002,11446882
TCGA-LQ-A4E4-01,11,11903129,11903389,260
TCGA-LQ-A4E4-01,11,11907049,134142530,122235481
TCGA-LQ-A4E4-01,12,889902,133161346,132271444
TCGA-LQ-A4E4-01,13,19450806,27798670,8347864
TCGA-LQ-A4E4-01,13,27800826,27864793,63967
TCGA-LQ-A4E4-01,13,27867501,30714792,2847291
TCGA-LQ-A4E4-01,13,30721364,30800565,79201
TCGA-LQ-A4E4-01,13,30802570,59700677,28898107
TCGA-LQ-A4E4-01,13,59703477,114987458,55283981
TCGA-LQ-A4E4-01,14,20501368,25265961,4764593
TCGA-LQ-A4E4-01,14,25266105,25284005,17900
TCGA-LQ-A4E4-01,14,25288648,81481084,56192436
TCGA-LQ-A4E4-01,14,81481332,81481558,226
TCGA-LQ-A4E4-01,14,81485293,90405573,8920280
TCGA-LQ-A4E4-01,14,90406002,90406653,651
TCGA-LQ-A4E4-01,14,90409353,96589360,6180007
TCGA-LQ-A4E4-01,14,96590183,96592034,1851
TCGA-LQ-A4E4-01,14,96592891,105988038,9395147
TCGA-LQ-A4E4-01,15,23687685,47175240,23487555
TCGA-LQ-A4E4-01,15,47175704,47401493,225789
TCGA-LQ-A4E4-01,15,47406817,59719793,12312976
TCGA-LQ-A4E4-01,15,59723253,59723265,12
TCGA-LQ-A4E4-01,15,59726610,101884307,42157697
TCGA-LQ-A4E4-01,16,653459,8366810,7713351
TCGA-LQ-A4E4-01,16,8394232,8881967,487735
TCGA-LQ-A4E4-01,16,8882652,23618486,14735834
TCGA-LQ-A4E4-01,16,23621566,31850299,8228733
TCGA-LQ-A4E4-01,16,46507665,55687065,9179400
TCGA-LQ-A4E4-01,16,55687212,55695106,7894
TCGA-LQ-A4E4-01,16,55697964,57008728,1310764
TCGA-LQ-A4E4-01,16,57012379,57592253,579874
TCGA-LQ-A4E4-01,16,57593090,57641343,48253
TCGA-LQ-A4E4-01,16,57647395,73074012,15426617
TCGA-LQ-A4E4-01,16,73077574,73077615,41
TCGA-LQ-A4E4-01,16,73079212,86265023,13185811
TCGA-LQ-A4E4-01,16,86304261,86995819,691558
TCGA-LQ-A4E4-01,16,86999890,87003146,3256
TCGA-LQ-A4E4-01,16,87006982,89379936,2372954
TCGA-LQ-A4E4-01,17,987221,19385199,18397978
TCGA-LQ-A4E4-01,17,19386813,25276327,5889514
TCGA-LQ-A4E4-01,17,25282105,41243226,15961121
TCGA-LQ-A4E4-01,17,41243284,53821500,12578216
TCGA-LQ-A4E4-01,17,53829310,59472403,5643093
TCGA-LQ-A4E4-01,17,59481373,80917016,21435643
TCGA-LQ-A4E4-01,18,329586,77109240,76779654
TCGA-LQ-A4E4-01,19,284018,58878226,58594208
TCGA-LQ-A4E4-01,20,455764,14058428,13602664
TCGA-LQ-A4E4-01,20,14072529,14072711,182
TCGA-LQ-A4E4-01,20,14076211,14407727,331516
TCGA-LQ-A4E4-01,20,14408090,62219837,47811747
TCGA-LQ-A4E4-01,21,15347621,43554527,28206906
TCGA-LQ-A4E4-01,21,43557659,43559782,2123
TCGA-LQ-A4E4-01,21,43559902,47678774,4118872
TCGA-LQ-A4E4-01,22,17423930,18470897,1046967
TCGA-LQ-A4E4-01,22,18471852,18515485,43633
TCGA-LQ-A4E4-01,22,18516319,24241611,5725292
TCGA-LQ-A4E4-01,22,24416465,25070067,653602
TCGA-LQ-A4E4-01,22,25074035,25401482,327447
TCGA-LQ-A4E4-01,22,25401948,26008103,606155
TCGA-LQ-A4E4-01,22,26016737,27956405,1939668
TCGA-LQ-A4E4-01,22,27956556,28543072,586516
TCGA-LQ-A4E4-01,22,28548221,28618003,69782
TCGA-LQ-A4E4-01,22,28620541,49331012,20710471
TCGA-LQ-A4E4-01,23,3157107,65417893,62260786
TCGA-LQ-A4E4-01,23,65418789,65420609,1820
TCGA-LQ-A4E4-01,23,65424288,154905589,89481301
TCGA-A2-A3KC-01,1,3218610,115778451,112559841
TCGA-A2-A3KC-01,1,115779088,115986104,207016
TCGA-A2-A3KC-01,1,115990063,117008523,1018460
TCGA-A2-A3KC-01,1,117012399,117333479,321080
TCGA-A2-A3KC-01,1,117337726,117675943,338217
TCGA-A2-A3KC-01,1,117676728,117678959,2231
TCGA-A2-A3KC-01,1,117682716,118583805,901089
TCGA-A2-A3KC-01,1,118586234,118651054,64820
TCGA-A2-A3KC-01,1,118656974,119946151,1289177
TCGA-A2-A3KC-01,1,119946198,120527361,581163
TCGA-A2-A3KC-01,1,149881398,201556370,51674972
TCGA-A2-A3KC-01,1,201560104,217150813,15590709
TCGA-A2-A3KC-01,1,217152015,247813706,30661691
TCGA-A2-A3KC-01,2,484222,242476062,241991840
TCGA-A2-A3KC-01,3,2212571,47352462,45139891
TCGA-A2-A3KC-01,3,47354272,48021846,667574
TCGA-A2-A3KC-01,3,48028683,51416492,3387809
TCGA-A2-A3KC-01,3,51419866,51696064,276198
TCGA-A2-A3KC-01,3,51699485,197538677,145839192
TCGA-A2-A3KC-01,4,1053934,31676985,30623051
TCGA-A2-A3KC-01,4,31678993,31682362,3369
TCGA-A2-A3KC-01,4,31682410,36812680,5130270
TCGA-A2-A3KC-01,4,36813105,36814133,1028
TCGA-A2-A3KC-01,4,36814225,188763651,151949426
TCGA-A2-A3KC-01,5,914233,180360469,179446236
TCGA-A2-A3KC-01,6,1014281,1451582,437301
TCGA-A2-A3KC-01,6,1455487,1455823,336
TCGA-A2-A3KC-01,6,1460032,145967086,144507054
TCGA-A2-A3KC-01,6,145967877,145968288,411
TCGA-A2-A3KC-01,6,145968594,170903919,24935325
TCGA-A2-A3KC-01,7,705284,11975026,11269742
TCGA-A2-A3KC-01,7,11975718,12098696,122978
TCGA-A2-A3KC-01,7,12106966,158385118,146278152
TCGA-A2-A3KC-01,8,617667,145232496,144614829
TCGA-A2-A3KC-01,9,789932,140938752,140148820
TCGA-A2-A3KC-01,10,415240,135225087,134809847
TCGA-A2-A3KC-01,11,456120,49830092,49373972
TCGA-A2-A3KC-01,11,49831631,49841256,9625
TCGA-A2-A3KC-01,11,49845325,50047230,201905
TCGA-A2-A3KC-01,11,50050722,57784307,7733585
TCGA-A2-A3KC-01,11,57786017,57919308,133291
TCGA-A2-A3KC-01,11,57920464,63182660,5262196
TCGA-A2-A3KC-01,11,63182711,68266785,5084074
TCGA-A2-A3KC-01,11,68281775,69329674,1047899
TCGA-A2-A3KC-01,11,69332260,70195978,863718
TCGA-A2-A3KC-01,11,70197358,70389069,191711
TCGA-A2-A3KC-01,11,70391716,70639849,248133
TCGA-A2-A3KC-01,11,70642820,71660392,1017572
TCGA-A2-A3KC-01,11,71663389,73556193,1892804
TCGA-A2-A3KC-01,11,73563028,73740718,177690
TCGA-A2-A3KC-01,11,73741354,75107336,1365982
TCGA-A2-A3KC-01,11,75112328,76099527,987199
TCGA-A2-A3KC-01,11,76099806,76100197,391
TCGA-A2-A3KC-01,11,76104519,76181631,77112
TCGA-A2-A3KC-01,11,76190366,81336657,5146291
TCGA-A2-A3KC-01,11,81339041,134142530,52803489
TCGA-A2-A3KC-01,12,889902,120760887,119870985
TCGA-A2-A3KC-01,12,120762765,122678607,1915842
TCGA-A2-A3KC-01,12,122686838,133161346,10474508
TCGA-A2-A3KC-01,13,19450806,114987458,95536652
TCGA-A2-A3KC-01,14,20501368,105988038,85486670
TCGA-A2-A3KC-01,15,23687685,101884307,78196622
TCGA-A2-A3KC-01,16,653459,31850299,31196840
TCGA-A2-A3KC-01,16,46507665,79589827,33082162
TCGA-A2-A3KC-01,16,79595556,79595961,405
TCGA-A2-A3KC-01,16,79596437,89379936,9783499
TCGA-A2-A3KC-01,17,987221,80917016,79929795
TCGA-A2-A3KC-01,18,329586,77109240,76779654
TCGA-A2-A3KC-01,19,284018,58878226,58594208
TCGA-A2-A3KC-01,20,455764,62219837,61764073
TCGA-A2-A3KC-01,21,15347621,47678774,32331153
TCGA-A2-A3KC-01,22,17423930,49331012,31907082
TCGA-A2-A3KC-01,23,3157107,154905589,151748482
TCGA-A2-A3KD-01,1,3218610,120527361,117308751
TCGA-A2-A3KD-01,1,149881398,247813706,97932308
TCGA-A2-A3KD-01,2,484222,242476062,241991840
TCGA-A2-A3KD-01,3,2212571,197538677,195326106
TCGA-A2-A3KD-01,4,1053934,106479010,105425076
TCGA-A2-A3KD-01,4,106479192,106480598,1406
TCGA-A2-A3KD-01,4,106481673,188763651,82281978
TCGA-A2-A3KD-01,5,914233,15021925,14107692
TCGA-A2-A3KD-01,5,15023613,15024106,493
TCGA-A2-A3KD-01,5,15024294,16097163,1072869
TCGA-A2-A3KD-01,5,16097325,16103315,5990
TCGA-A2-A3KD-01,5,16108127,180360469,164252342
TCGA-A2-A3KD-01,6,1014281,2572091,1557810
TCGA-A2-A3KD-01,6,2572201,2575857,3656
TCGA-A2-A3KD-01,6,2575907,55162885,52586978
TCGA-A2-A3KD-01,6,55166285,56181881,1015596
TCGA-A2-A3KD-01,6,56182568,56193756,11188
TCGA-A2-A3KD-01,6,56194264,56828449,634185
TCGA-A2-A3KD-01,6,56837245,56838169,924
TCGA-A2-A3KD-01,6,56839163,64724211,7885048
TCGA-A2-A3KD-01,6,64725073,65007530,282457
TCGA-A2-A3KD-01,6,65020471,65123141,102670
TCGA-A2-A3KD-01,6,65130113,65821993,691880
TCGA-A2-A3KD-01,6,65923117,67297893,1374776
TCGA-A2-A3KD-01,6,67304324,67480807,176483
TCGA-A2-A3KD-01,6,67481347,117321139,49839792
TCGA-A2-A3KD-01,6,117322088,117498082,175994
TCGA-A2-A3KD-01,6,117572603,119783000,2210397
TCGA-A2-A3KD-01,6,119787115,119928027,140912
TCGA-A2-A3KD-01,6,119930874,127004940,7074066
TCGA-A2-A3KD-01,6,127005758,127135132,129374
TCGA-A2-A3KD-01,6,127136222,127396148,259926
TCGA-A2-A3KD-01,6,127397240,135051407,7654167
TCGA-A2-A3KD-01,6,135053168,135053245,77
TCGA-A2-A3KD-01,6,135053597,152260837,17207240
TCGA-A2-A3KD-01,6,152265440,170903919,18638479
TCGA-A2-A3KD-01,7,705284,25776220,25070936
TCGA-A2-A3KD-01,7,25781648,25783037,1389
TCGA-A2-A3KD-01,7,25783071,158385118,132602047
TCGA-A2-A3KD-01,8,617667,618552,885
TCGA-A2-A3KD-01,8,622980,1215166,592186
TCGA-A2-A3KD-01,8,1215445,1218596,3151
TCGA-A2-A3KD-01,8,1220024,2113792,893768
TCGA-A2-A3KD-01,8,2707196,3208655,501459
TCGA-A2-A3KD-01,8,3209173,62420978,59211805
TCGA-A2-A3KD-01,8,62423960,70952739,8528779
TCGA-A2-A3KD-01,8,70953927,70961304,7377
TCGA-A2-A3KD-01,8,70961429,145232496,74271067
TCGA-A2-A3KD-01,9,789932,140938752,140148820
TCGA-A2-A3KD-01,10,415240,92774918,92359678
TCGA-A2-A3KD-01,10,92775880,92777353,1473
TCGA-A2-A3KD-01,10,92778715,114492656,21713941
TCGA-A2-A3KD-01,10,114492742,114492898,156
TCGA-A2-A3KD-01,10,114498145,129711974,15213829
TCGA-A2-A3KD-01,10,129714885,129771202,56317
TCGA-A2-A3KD-01,10,129771903,135225087,5453184
TCGA-A2-A3KD-01,11,456120,77431240,76975120
TCGA-A2-A3KD-01,11,77435831,134142530,56706699
TCGA-A2-A3KD-01,12,889902,133161346,132271444
TCGA-A2-A3KD-01,13,19450806,97508888,78058082
TCGA-A2-A3KD-01,13,97510384,97510398,14
TCGA-A2-A3KD-01,13,97510629,114987458,17476829
TCGA-A2-A3KD-01,14,20501368,60858761,40357393
TCGA-A2-A3KD-01,14,60860151,60871059,10908
TCGA-A2-A3KD-01,14,60872288,80104377,19232089
TCGA-A2-A3KD-01,14,80112670,80117316,4646
TCGA-A2-A3KD-01,14,80122192,105988038,25865846
TCGA-A2-A3KD-01,15,23687685,101884307,78196622
TCGA-A2-A3KD-01,16,653459,31850299,31196840
TCGA-A2-A3KD-01,16,46507665,89379936,42872271
TCGA-A2-A3KD-01,17,987221,13706852,12719631
TCGA-A2-A3KD-01,17,13707817,80917016,67209199
TCGA-A2-A3KD-01,18,329586,77109240,76779654
TCGA-A2-A3KD-01,19,284018,3214114,2930096
TCGA-A2-A3KD-01,19,3227102,3560634,333532
TCGA-A2-A3KD-01,19,3571446,58878226,55306780
TCGA-A2-A3KD-01,20,455764,38034463,37578699
TCGA-A2-A3KD-01,20,38038991,38042046,3055
TCGA-A2-A3KD-01,20,38046128,62219837,24173709
TCGA-A2-A3KD-01,21,15347621,36420388,21072767
TCGA-A2-A3KD-01,21,36420786,36420875,89
TCGA-A2-A3KD-01,21,36421073,47678774,11257701
TCGA-A2-A3KD-01,22,17423930,48841105,31417175
TCGA-A2-A3KD-01,22,48842336,48842454,118
TCGA-A2-A3KD-01,22,48842465,49331012,488547
TCGA-A2-A3KD-01,23,3157107,154905589,151748482
TCGA-A7-A0D9-01,1,3218610,247813706,244595096
TCGA-A7-A0D9-01,2,484222,27129596,26645374
TCGA-A7-A0D9-01,2,27131849,27132822,973
TCGA-A7-A0D9-01,2,27133402,106479284,79345882
TCGA-A7-A0D9-01,2,106479806,106481445,1639
TCGA-A7-A0D9-01,2,106483590,127920384,21436794
TCGA-A7-A0D9-01,2,127922232,127924714,2482
TCGA-A7-A0D9-01,2,127927679,242476062,114548383
TCGA-A7-A0D9-01,3,2212571,30191123,27978552
TCGA-A7-A0D9-01,3,30192544,30192565,21
TCGA-A7-A0D9-01,3,30192777,82755371,52562594
TCGA-A7-A0D9-01,3,82755992,82756177,185
TCGA-A7-A0D9-01,3,82758743,174668742,91909999
TCGA-A7-A0D9-01,3,174669007,174669766,759
TCGA-A7-A0D9-01,3,174676406,197538677,22862271
TCGA-A7-A0D9-01,4,1053934,25466753,24412819
TCGA-A7-A0D9-01,4,25467177,25471868,4691
TCGA-A7-A0D9-01,4,25472767,95037203,69564436
TCGA-A7-A0D9-01,4,95039753,95039889,136
TCGA-A7-A0D9-01,4,95040022,100678930,5638908
TCGA-A7-A0D9-01,4,100682268,100695363,13095
TCGA-A7-A0D9-01,4,100696266,188763651,88067385
TCGA-A7-A0D9-01,5,914233,180360469,179446236
TCGA-A7-A0D9-01,6,1014281,170903919,169889638
TCGA-A7-A0D9-01,7,705284,7967887,7262603
TCGA-A7-A0D9-01,7,7969336,7969518,182
TCGA-A7-A0D9-01,7,7970015,23149137,15179122
TCGA-A7-A0D9-01,7,23149254,23149955,701
TCGA-A7-A0D9-01,7,23149972,45477187,22327215
TCGA-A7-A0D9-01,7,45485577,45486224,647
TCGA-A7-A0D9-01,7,45492811,74142104,28649293
TCGA-A7-A0D9-01,7,74197728,74386630,188902
TCGA-A7-A0D9-01,7,74466370,158385118,83918748
TCGA-A7-A0D9-01,8,617667,14950168,14332501
TCGA-A7-A0D9-01,8,14950777,14951243,466
TCGA-A7-A0D9-01,8,14954550,35401379,20446829
TCGA-A7-A0D9-01,8,35403769,35668498,264729
TCGA-A7-A0D9-01,8,35679615,35845737,166122
TCGA-A7-A0D9-01,8,35851402,36129554,278152
TCGA-A7-A0D9-01,8,36129986,37245947,1115961
TCGA-A7-A0D9-01,8,37246116,37540014,293898
TCGA-A7-A0D9-01,8,37544497,38388630,844133
TCGA-A7-A0D9-01,8,38388776,39703449,1314673
TCGA-A7-A0D9-01,8,39711490,40060224,348734
TCGA-A7-A0D9-01,8,40060810,40640560,579750
TCGA-A7-A0D9-01,8,40643406,40849547,206141
TCGA-A7-A0D9-01,8,40852557,41510150,657593
TCGA-A7-A0D9-01,8,41516581,41626954,110373
TCGA-A7-A0D9-01,8,41628650,41693081,64431
TCGA-A7-A0D9-01,8,41694861,41899617,204756
TCGA-A7-A0D9-01,8,41903547,41935383,31836
TCGA-A7-A0D9-01,8,41937943,41939007,1064
TCGA-A7-A0D9-01,8,41944497,41971848,27351
TCGA-A7-A0D9-01,8,41975979,41991576,15597
TCGA-A7-A0D9-01,8,41994151,42933372,939221
TCGA-A7-A0D9-01,8,47460945,53955215,6494270
TCGA-A7-A0D9-01,8,53959644,55824185,1864541
TCGA-A7-A0D9-01,8,55824925,56037067,212142
TCGA-A7-A0D9-01,8,56038222,56183107,144885
TCGA-A7-A0D9-01,8,56185318,57522568,1337250
TCGA-A7-A0D9-01,8,57533063,57650815,117752
TCGA-A7-A0D9-01,8,57652256,70206603,12554347
TCGA-A7-A0D9-01,8,70207597,70208317,720
TCGA-A7-A0D9-01,8,70211572,88441986,18230414
TCGA-A7-A0D9-01,8,88445977,89073339,627362
TCGA-A7-A0D9-01,8,89075392,104285531,15210139
TCGA-A7-A0D9-01,8,104285656,118573949,14288293
TCGA-A7-A0D9-01,8,118576474,121827497,3251023
TCGA-A7-A0D9-01,8,121828919,131706759,9877840
TCGA-A7-A0D9-01,8,131707107,131707522,415
TCGA-A7-A0D9-01,8,131709034,132321705,612671
TCGA-A7-A0D9-01,8,132325489,132326414,925
TCGA-A7-A0D9-01,8,132328178,135398062,3069884
TCGA-A7-A0D9-01,8,135400004,137184357,1784353
TCGA-A7-A0D9-01,8,137194633,140756897,3562264
TCGA-A7-A0D9-01,8,140757454,140976900,219446
TCGA-A7-A0D9-01,8,140977019,140977039,20
TCGA-A7-A0D9-01,8,140977054,142326445,1349391
TCGA-A7-A0D9-01,8,142329410,143982753,1653343
TCGA-A7-A0D9-01,8,143984495,144866985,882490
TCGA-A7-A0D9-01,8,144868997,145232496,363499
TCGA-A7-A0D9-01,9,789932,5024492,4234560
TCGA-A7-A0D9-01,9,5037453,5039434,1981
TCGA-A7-A0D9-01,9,5039470,30418801,25379331
TCGA-A7-A0D9-01,9,30598661,71039044,40440383
TCGA-A7-A0D9-01,9,71039940,140938752,69898812
TCGA-A7-A0D9-01,10,415240,70620997,70205757
TCGA-A7-A0D9-01,10,70621009,70621018,9
TCGA-A7-A0D9-01,10,70621086,135225087,64604001
TCGA-A7-A0D9-01,11,456120,57037493,56581373
TCGA-A7-A0D9-01,11,57040720,57042547,1827
TCGA-A7-A0D9-01,11,57045745,134142530,77096785
TCGA-A7-A0D9-01,12,889902,126799333,125909431
TCGA-A7-A0D9-01,12,126799530,126799545,15
TCGA-A7-A0D9-01,12,126800849,129700857,2900008
TCGA-A7-A0D9-01,12,129701205,129701288,83
TCGA-A7-A0D9-01,12,129701482,133161346,3459864
TCGA-A7-A0D9-01,13,19450806,114987458,95536652
TCGA-A7-A0D9-01,14,20501368,49331023,28829655
TCGA-A7-A0D9-01,14,49333294,49334734,1440
TCGA-A7-A0D9-01,14,49337432,57111465,7774033
TCGA-A7-A0D9-01,14,57116799,57116996,197
TCGA-A7-A0D9-01,14,57117240,60205791,3088551
TCGA-A7-A0D9-01,14,60209063,60209412,349
TCGA-A7-A0D9-01,14,60209831,105988038,45778207
TCGA-A7-A0D9-01,15,23687685,39486382,15798697
TCGA-A7-A0D9-01,15,39486972,39487576,604
TCGA-A7-A0D9-01,15,39488869,50733978,11245109
TCGA-A7-A0D9-01,15,50740240,54347324,3607084
TCGA-A7-A0D9-01,15,54348164,56897473,2549309
TCGA-A7-A0D9-01,15,56898174,59072271,2174097
TCGA-A7-A0D9-01,15,59085055,59086151,1096
TCGA-A7-A0D9-01,15,59086703,60117550,1030847
TCGA-A7-A0D9-01,15,60118300,60133476,15176
TCGA-A7-A0D9-01,15,60135656,60162042,26386
TCGA-A7-A0D9-01,15,60163134,60459964,296830
TCGA-A7-A0D9-01,15,60461450,61601492,1140042
TCGA-A7-A0D9-01,15,61602187,62490007,887820
TCGA-A7-A0D9-01,15,62493710,70106731,7613021
TCGA-A7-A0D9-01,15,70107094,70938833,831739
TCGA-A7-A0D9-01,15,70942785,71053704,110919
TCGA-A7-A0D9-01,15,71058520,71410495,351975
TCGA-A7-A0D9-01,15,71412713,71849856,437143
TCGA-A7-A0D9-01,15,71851477,73666721,1815244
TCGA-A7-A0D9-01,15,73671517,74312794,641277
TCGA-A7-A0D9-01,15,74313973,74314460,487
TCGA-A7-A0D9-01,15,74314648,74353712,39064
TCGA-A7-A0D9-01,15,74353737,74398133,44396
TCGA-A7-A0D9-01,15,74398175,75610327,1212152
TCGA-A7-A0D9-01,15,75629399,79833507,4204108
TCGA-A7-A0D9-01,15,79835032,80335062,500030
TCGA-A7-A0D9-01,15,80339456,92304786,11965330
TCGA-A7-A0D9-01,15,92310299,95984822,3674523
TCGA-A7-A0D9-01,15,95985365,96233382,248017
TCGA-A7-A0D9-01,15,96239330,96252765,13435
TCGA-A7-A0D9-01,15,96253243,96446893,193650
TCGA-A7-A0D9-01,15,96449921,96468589,18668
TCGA-A7-A0D9-01,15,96470490,96684647,214157
TCGA-A7-A0D9-01,15,96684862,96840802,155940
TCGA-A7-A0D9-01,15,96841391,97218728,377337
TCGA-A7-A0D9-01,15,97219024,97231213,12189
TCGA-A7-A0D9-01,15,97231549,97428127,196578
TCGA-A7-A0D9-01,15,97432068,97631054,198986
TCGA-A7-A0D9-01,15,97631144,99924766,2293622
TCGA-A7-A0D9-01,15,99925021,99929136,4115
TCGA-A7-A0D9-01,15,99932366,100066427,134061
TCGA-A7-A0D9-01,15,100072355,100383972,311617
TCGA-A7-A0D9-01,15,100503063,101884307,1381244
TCGA-A7-A0D9-01,16,653459,61693972,61040513
TCGA-A7-A0D9-01,16,61694178,61695852,1674
TCGA-A7-A0D9-01,16,61702337,89379936,27677599
TCGA-A7-A0D9-01,17,987221,2737152,1749931
TCGA-A7-A0D9-01,17,2739061,15586150,12847089
TCGA-A7-A0D9-01,17,15682578,20330216,4647638
TCGA-A7-A0D9-01,17,20338339,20572660,234321
TCGA-A7-A0D9-01,17,20576877,20708584,131707
TCGA-A7-A0D9-01,17,20708689,21305392,596703
TCGA-A7-A0D9-01,17,25270517,27606703,2336186
TCGA-A7-A0D9-01,17,27610862,31150298,3539436
TCGA-A7-A0D9-01,17,31152344,38633430,7481086
TCGA-A7-A0D9-01,17,38637019,39960009,1322990
TCGA-A7-A0D9-01,17,39962930,40024283,61353
TCGA-A7-A0D9-01,17,40025264,42628179,2602915
TCGA-A7-A0D9-01,17,42628193,42878772,250579
TCGA-A7-A0D9-01,17,42879703,43252244,372541
TCGA-A7-A0D9-01,17,43257036,47200068,3943032
TCGA-A7-A0D9-01,17,47207700,47265587,57887
TCGA-A7-A0D9-01,17,47268519,47290071,21552
TCGA-A7-A0D9-01,17,47290094,47294917,4823
TCGA-A7-A0D9-01,17,47305401,48208274,902873
TCGA-A7-A0D9-01,17,48215414,48269302,53888
TCGA-A7-A0D9-01,17,48273903,48731284,457381
TCGA-A7-A0D9-01,17,48731631,48743390,11759
TCGA-A7-A0D9-01,17,48749389,50310634,1561245
TCGA-A7-A0D9-01,17,50313204,50314167,963
TCGA-A7-A0D9-01,17,50318074,50319725,1651
TCGA-A7-A0D9-01,17,50320425,50557389,236964
TCGA-A7-A0D9-01,17,50558643,50560061,1418
TCGA-A7-A0D9-01,17,50561594,50572390,10796
TCGA-A7-A0D9-01,17,50576991,51317861,740870
TCGA-A7-A0D9-01,17,51318310,51494987,176677
TCGA-A7-A0D9-01,17,51495250,53479066,1983816
TCGA-A7-A0D9-01,17,53481804,53553904,72100
TCGA-A7-A0D9-01,17,53554741,55647906,2093165
TCGA-A7-A0D9-01,17,55652066,55656090,4024
TCGA-A7-A0D9-01,17,55656858,56677727,1020869
TCGA-A7-A0D9-01,17,56686035,56790204,104169
TCGA-A7-A0D9-01,17,56793676,56944640,150964
TCGA-A7-A0D9-01,17,56954133,57178056,223923
TCGA-A7-A0D9-01,17,57180655,57346706,166051
TCGA-A7-A0D9-01,17,57367737,58054957,687220
TCGA-A7-A0D9-01,17,58064817,58455231,390414
TCGA-A7-A0D9-01,17,58457016,59246759,789743
TCGA-A7-A0D9-01,17,59248546,60834762,1586216
TCGA-A7-A0D9-01,17,60842839,63326210,2483371
TCGA-A7-A0D9-01,17,63327651,64083688,756037
TCGA-A7-A0D9-01,17,64090482,65187944,1097462
TCGA-A7-A0D9-01,17,65190429,65389305,198876
TCGA-A7-A0D9-01,17,65395023,65678488,283465
TCGA-A7-A0D9-01,17,65678822,66025883,347061
TCGA-A7-A0D9-01,17,66037343,66670572,633229
TCGA-A7-A0D9-01,17,66671324,67925574,1254250
TCGA-A7-A0D9-01,17,67925639,67925806,167
TCGA-A7-A0D9-01,17,67926133,80639336,12713203
TCGA-A7-A0D9-01,17,80639370,80646184,6814
TCGA-A7-A0D9-01,17,80648318,80917016,268698
TCGA-A7-A0D9-01,18,329586,38029248,37699662
TCGA-A7-A0D9-01,18,38029873,38033125,3252
TCGA-A7-A0D9-01,18,38039881,77109240,39069359
TCGA-A7-A0D9-01,19,284018,7794526,7510508
TCGA-A7-A0D9-01,19,7794637,7797612,2975
TCGA-A7-A0D9-01,19,7799597,58878226,51078629
TCGA-A7-A0D9-01,20,455764,45447282,44991518
TCGA-A7-A0D9-01,20,45450929,46449865,998936
TCGA-A7-A0D9-01,20,46465897,47311204,845307
TCGA-A7-A0D9-01,20,47312418,47556664,244246
TCGA-A7-A0D9-01,20,47560494,48981372,1420878
TCGA-A7-A0D9-01,20,48981407,49058029,76622
TCGA-A7-A0D9-01,20,49060228,49174124,113896
TCGA-A7-A0D9-01,20,49174508,49174602,94
TCGA-A7-A0D9-01,20,49174720,49670475,495755
TCGA-A7-A0D9-01,20,49671435,49674077,2642
TCGA-A7-A0D9-01,20,49678113,49785010,106897
TCGA-A7-A0D9-01,20,49788538,50027732,239194
TCGA-A7-A0D9-01,20,50029405,50724067,694662
TCGA-A7-A0D9-01,20,50726392,50987391,260999
TCGA-A7-A0D9-01,20,50987941,51590534,602593
TCGA-A7-A0D9-01,20,51591277,51634220,42943
TCGA-A7-A0D9-01,20,51634425,52032208,397783
TCGA-A7-A0D9-01,20,52032991,52323746,290755
TCGA-A7-A0D9-01,20,52323829,52328989,5160
TCGA-A7-A0D9-01,20,52329084,54813162,2484078
TCGA-A7-A0D9-01,20,54813533,56130620,1317087
TCGA-A7-A0D9-01,20,56131053,57477742,1346689
TCGA-A7-A0D9-01,20,57478145,57584890,106745
TCGA-A7-A0D9-01,20,57587388,58120955,533567
TCGA-A7-A0D9-01,20,58121389,58749581,628192
TCGA-A7-A0D9-01,20,58749932,58762137,12205
TCGA-A7-A0D9-01,20,58767356,58986719,219363
TCGA-A7-A0D9-01,20,58993287,59503618,510331
TCGA-A7-A0D9-01,20,59503917,59940918,437001
TCGA-A7-A0D9-01,20,59944089,59944878,789
TCGA-A7-A0D9-01,20,59945898,62218916,2273018
TCGA-A7-A0D9-01,20,62219648,62219837,189
TCGA-A7-A0D9-01,21,15347621,18122773,2775152
TCGA-A7-A0D9-01,21,18123473,18125164,1691
TCGA-A7-A0D9-01,21,18132867,25585384,7452517
TCGA-A7-A0D9-01,21,25588249,25588339,90
TCGA-A7-A0D9-01,21,25588956,47678774,22089818
TCGA-A7-A0D9-01,22,17423930,49331012,31907082
TCGA-A7-A0D9-01,23,3157107,154905589,151748482
TCGA-A7-A0DA-01,1,3218610,18910237,15691627
TCGA-A7-A0DA-01,1,18913558,18913618,60
TCGA-A7-A0DA-01,1,18913834,19400691,486857
TCGA-A7-A0DA-01,1,19401405,19401968,563
TCGA-A7-A0DA-01,1,19402390,36387819,16985429
TCGA-A7-A0DA-01,1,36390013,37296042,906029
TCGA-A7-A0DA-01,1,37301163,37364924,63761
TCGA-A7-A0DA-01,1,37364984,76346731,38981747
TCGA-A7-A0DA-01,1,76346832,76383049,36217
TCGA-A7-A0DA-01,1,76384985,78217000,1832015
TCGA-A7-A0DA-01,1,78217677,99969159,21751482
TCGA-A7-A0DA-01,1,99971142,109568487,9597345
TCGA-A7-A0DA-01,1,109612458,120527361,10914903
TCGA-A7-A0DA-01,1,149879545,171413211,21533666
TCGA-A7-A0DA-01,1,171413250,202503815,31090565
TCGA-A7-A0DA-01,1,202512246,203786465,1274219
TCGA-A7-A0DA-01,1,203789465,203818743,29278
TCGA-A7-A0DA-01,1,203825676,227909370,24083694
TCGA-A7-A0DA-01,1,227910669,227981505,70836
TCGA-A7-A0DA-01,1,227984466,228068143,83677
TCGA-A7-A0DA-01,1,228069441,231314990,3245549
TCGA-A7-A0DA-01,1,231315904,231360378,44474
TCGA-A7-A0DA-01,1,231362923,231365820,2897
TCGA-A7-A0DA-01,1,231366347,239686177,8319830
TCGA-A7-A0DA-01,1,239686271,247813706,8127435
TCGA-A7-A0DA-01,2,484222,134924154,134439932
TCGA-A7-A0DA-01,2,134925330,233077382,98152052
TCGA-A7-A0DA-01,2,233080295,233082931,2636
TCGA-A7-A0DA-01,2,233093315,236817519,3724204
TCGA-A7-A0DA-01,2,236817629,242476062,5658433
TCGA-A7-A0DA-01,3,2212571,38128234,35915663
TCGA-A7-A0DA-01,3,38130113,38130473,360
TCGA-A7-A0DA-01,3,38132097,42364505,4232408
TCGA-A7-A0DA-01,3,42366721,61595751,19229030
TCGA-A7-A0DA-01,3,61695558,63840007,2144449
TCGA-A7-A0DA-01,3,63842351,83269238,19426887
TCGA-A7-A0DA-01,3,83272291,115735816,32463525
TCGA-A7-A0DA-01,3,115738313,115740620,2307
TCGA-A7-A0DA-01,3,115740719,116475677,734958
TCGA-A7-A0DA-01,3,116477045,116481414,4369
TCGA-A7-A0DA-01,3,116482965,129737383,13254418
TCGA-A7-A0DA-01,3,129741366,129890397,149031
TCGA-A7-A0DA-01,3,129891741,150789394,20897653
TCGA-A7-A0DA-01,3,150790108,150941186,151078
TCGA-A7-A0DA-01,3,150943063,168227558,17284495
TCGA-A7-A0DA-01,3,168227876,175048200,6820324
TCGA-A7-A0DA-01,3,175049184,175049294,110
TCGA-A7-A0DA-01,3,175051115,177709041,2657926
TCGA-A7-A0DA-01,3,177711167,183114775,5403608
TCGA-A7-A0DA-01,3,183116781,193875909,10759128
TCGA-A7-A0DA-01,3,193879695,193895196,15501
TCGA-A7-A0DA-01,3,193903156,197538677,3635521
TCGA-A7-A0DA-01,4,1053934,6673462,5619528
TCGA-A7-A0DA-01,4,6677063,6688152,11089
TCGA-A7-A0DA-01,4,6689656,11448182,4758526
TCGA-A7-A0DA-01,4,11448644,35646378,24197734
TCGA-A7-A0DA-01,4,35652787,48068826,12416039
TCGA-A7-A0DA-01,4,52698757,106292275,53593518
TCGA-A7-A0DA-01,4,106295847,106297189,1342
TCGA-A7-A0DA-01,4,106297229,154393640,48096411
TCGA-A7-A0DA-01,4,154395308,155998685,1603377
TCGA-A7-A0DA-01,4,156007879,156008037,158
TCGA-A7-A0DA-01,4,156008360,188763651,32755291
TCGA-A7-A0DA-01,5,914233,1428514,514281
TCGA-A7-A0DA-01,5,1890233,33423373,31533140
TCGA-A7-A0DA-01,5,33425098,33446539,21441
TCGA-A7-A0DA-01,5,33447056,36988122,3541066
TCGA-A7-A0DA-01,5,36988550,45378456,8389906
TCGA-A7-A0DA-01,5,50124856,77907628,27782772
TCGA-A7-A0DA-01,5,77909923,77940255,30332
TCGA-A7-A0DA-01,5,77940652,134885890,56945238
TCGA-A7-A0DA-01,5,134887433,134986196,98763
TCGA-A7-A0DA-01,5,134987090,171693673,36706583
TCGA-A7-A0DA-01,5,171703357,180360469,8657112
TCGA-A7-A0DA-01,6,1014281,2403842,1389561
TCGA-A7-A0DA-01,6,2404610,2729837,325227
TCGA-A7-A0DA-01,6,2729912,3086425,356513
TCGA-A7-A0DA-01,6,3095388,3476276,380888
TCGA-A7-A0DA-01,6,3476579,3635098,158519
TCGA-A7-A0DA-01,6,3636411,3957629,321218
TCGA-A7-A0DA-01,6,3957652,4004643,46991
TCGA-A7-A0DA-01,6,4004679,4058149,53470
TCGA-A7-A0DA-01,6,4058782,4101567,42785
TCGA-A7-A0DA-01,6,4102569,4251562,148993
TCGA-A7-A0DA-01,6,4252944,4731576,478632
TCGA-A7-A0DA-01,6,4736115,4787796,51681
TCGA-A7-A0DA-01,6,4789259,5968242,1178983
TCGA-A7-A0DA-01,6,5970623,6293036,322413
TCGA-A7-A0DA-01,6,6301498,8571786,2270288
TCGA-A7-A0DA-01,6,8572447,8739771,167324
TCGA-A7-A0DA-01,6,8740010,8987932,247922
TCGA-A7-A0DA-01,6,8989443,9544706,555263
TCGA-A7-A0DA-01,6,9548346,9703069,154723
TCGA-A7-A0DA-01,6,9708697,10756308,1047611
TCGA-A7-A0DA-01,6,10762112,11003223,241111
TCGA-A7-A0DA-01,6,11004561,11466768,462207
TCGA-A7-A0DA-01,6,11468059,11783182,315123
TCGA-A7-A0DA-01,6,11786165,12257486,471321
TCGA-A7-A0DA-01,6,12258294,13642922,1384628
TCGA-A7-A0DA-01,6,13643265,14216235,572970
TCGA-A7-A0DA-01,6,14216919,14358016,141097
TCGA-A7-A0DA-01,6,14360291,15593613,1233322
TCGA-A7-A0DA-01,6,15596006,16147349,551343
TCGA-A7-A0DA-01,6,16150273,16158863,8590
TCGA-A7-A0DA-01,6,16162007,16188140,26133
TCGA-A7-A0DA-01,6,16189663,16374180,184517
TCGA-A7-A0DA-01,6,16374506,16754366,379860
TCGA-A7-A0DA-01,6,16754499,16964927,210428
TCGA-A7-A0DA-01,6,16969017,18307643,1338626
TCGA-A7-A0DA-01,6,18342134,21070476,2728342
TCGA-A7-A0DA-01,6,21073029,21502768,429739
TCGA-A7-A0DA-01,6,21503218,21503734,516
TCGA-A7-A0DA-01,6,21506426,22107364,600938
TCGA-A7-A0DA-01,6,22108707,22167185,58478
TCGA-A7-A0DA-01,6,22172616,22741451,568835
TCGA-A7-A0DA-01,6,22741790,23935925,1194135
TCGA-A7-A0DA-01,6,23938723,26138378,2199655
TCGA-A7-A0DA-01,6,26139310,26366132,226822
TCGA-A7-A0DA-01,6,26412216,28478595,2066379
TCGA-A7-A0DA-01,6,28479418,30817866,2338448
TCGA-A7-A0DA-01,6,30817879,30908266,90387
TCGA-A7-A0DA-01,6,30913458,30957766,44308
TCGA-A7-A0DA-01,6,30958254,31206408,248154
TCGA-A7-A0DA-01,6,32869045,43528441,10659396
TCGA-A7-A0DA-01,6,43528559,43587151,58592
TCGA-A7-A0DA-01,6,43588898,57094695,13505797
TCGA-A7-A0DA-01,6,57098599,57102054,3455
TCGA-A7-A0DA-01,6,57102723,73295531,16192808
TCGA-A7-A0DA-01,6,73295805,76718920,3423115
TCGA-A7-A0DA-01,6,76723011,76729584,6573
TCGA-A7-A0DA-01,6,76731056,76773498,42442
TCGA-A7-A0DA-01,6,76774529,78451149,1676620
TCGA-A7-A0DA-01,6,78457695,78496462,38767
TCGA-A7-A0DA-01,6,78499879,99402632,20902753
TCGA-A7-A0DA-01,6,99403727,101109175,1705448
TCGA-A7-A0DA-01,6,101114758,106116457,5001699
TCGA-A7-A0DA-01,6,106122165,106151512,29347
TCGA-A7-A0DA-01,6,106153670,134775037,28621367
TCGA-A7-A0DA-01,6,134777728,145033964,10256236
TCGA-A7-A0DA-01,6,145034402,170903919,25869517
TCGA-A7-A0DA-01,7,705284,11009092,10303808
TCGA-A7-A0DA-01,7,11009208,11038871,29663
TCGA-A7-A0DA-01,7,11045474,47772086,36726612
TCGA-A7-A0DA-01,7,47773024,50700836,2927812
TCGA-A7-A0DA-01,7,50704994,73408009,22703015
TCGA-A7-A0DA-01,7,73416183,88141179,14724996
TCGA-A7-A0DA-01,7,89895863,96181391,6285528
TCGA-A7-A0DA-01,7,96187741,96205674,17933
TCGA-A7-A0DA-01,7,96206949,107004082,10797133
TCGA-A7-A0DA-01,7,107004097,107061326,57229
TCGA-A7-A0DA-01,7,107070025,148422581,41352556
TCGA-A7-A0DA-01,7,148425053,148593145,168092
TCGA-A7-A0DA-01,7,148596377,157038803,8442426
TCGA-A7-A0DA-01,7,157038820,157146663,107843
TCGA-A7-A0DA-01,7,157147564,158385118,1237554
TCGA-A7-A0DA-01,8,617667,13369061,12751394
TCGA-A7-A0DA-01,8,13369165,13406688,37523
TCGA-A7-A0DA-01,8,13407986,14909013,1501027
TCGA-A7-A0DA-01,8,14909285,14909339,54
TCGA-A7-A0DA-01,8,14910045,28891287,13981242
TCGA-A7-A0DA-01,8,28893077,28923048,29971
TCGA-A7-A0DA-01,8,28924858,42347635,13422777
TCGA-A7-A0DA-01,8,42349230,66834058,24484828
TCGA-A7-A0DA-01,8,66839766,70206603,3366837
TCGA-A7-A0DA-01,8,70207597,70208317,720
TCGA-A7-A0DA-01,8,70211572,70952739,741167
TCGA-A7-A0DA-01,8,70953927,70963432,9505
TCGA-A7-A0DA-01,8,70964372,77991425,7027053
TCGA-A7-A0DA-01,8,77993195,78006958,13763
TCGA-A7-A0DA-01,8,78008179,93019652,15011473
TCGA-A7-A0DA-01,8,93019961,93020129,168
TCGA-A7-A0DA-01,8,93020588,95556550,2535962
TCGA-A7-A0DA-01,8,95556588,95576350,19762
TCGA-A7-A0DA-01,8,95578349,115163001,19584652
TCGA-A7-A0DA-01,8,115163562,115168901,5339
TCGA-A7-A0DA-01,8,115181572,125765240,10583668
TCGA-A7-A0DA-01,8,125765303,125870284,104981
TCGA-A7-A0DA-01,8,125871112,144412629,18541517
TCGA-A7-A0DA-01,8,144415157,145232496,817339
TCGA-A7-A0DA-01,9,789932,11275208,10485276
TCGA-A7-A0DA-01,9,12531493,24982125,12450632
TCGA-A7-A0DA-01,9,24984658,71039044,46054386
TCGA-A7-A0DA-01,9,71039940,80373087,9333147
TCGA-A7-A0DA-01,9,80381052,80408592,27540
TCGA-A7-A0DA-01,9,80410513,80582364,171851
TCGA-A7-A0DA-01,9,80583690,80584009,319
TCGA-A7-A0DA-01,9,80584236,81560031,975795
TCGA-A7-A0DA-01,9,81561088,81634435,73347
TCGA-A7-A0DA-01,9,81636767,102445648,20808881
TCGA-A7-A0DA-01,9,102447330,102914387,467057
TCGA-A7-A0DA-01,9,102914622,114023108,11108486
TCGA-A7-A0DA-01,9,114024897,114218760,193863
TCGA-A7-A0DA-01,9,114218947,120095212,5876265
TCGA-A7-A0DA-01,9,120100872,120265254,164382
TCGA-A7-A0DA-01,9,120270443,140938752,20668309
TCGA-A7-A0DA-01,10,415240,3730104,3314864
TCGA-A7-A0DA-01,10,3732975,4307011,574036
TCGA-A7-A0DA-01,10,4307036,4307334,298
TCGA-A7-A0DA-01,10,4309093,4542299,233206
TCGA-A7-A0DA-01,10,4548480,42990273,38441793
TCGA-A7-A0DA-01,10,43000482,70649027,27648545
TCGA-A7-A0DA-01,10,70649244,93713791,23064547
TCGA-A7-A0DA-01,10,93715349,93944639,229290
TCGA-A7-A0DA-01,10,93955851,102108523,8152672
TCGA-A7-A0DA-01,10,102109202,102152297,43095
TCGA-A7-A0DA-01,10,102152831,118061621,15908790
TCGA-A7-A0DA-01,10,118069670,118136256,66586
TCGA-A7-A0DA-01,10,118141435,129481479,11340044
TCGA-A7-A0DA-01,10,129482294,129484680,2386
TCGA-A7-A0DA-01,10,129485407,131818651,2333244
TCGA-A7-A0DA-01,10,131819641,135225087,3405446
TCGA-A7-A0DA-01,11,456120,27226709,26770589
TCGA-A7-A0DA-01,11,27229536,40025498,12795962
TCGA-A7-A0DA-01,11,40026640,40050000,23360
TCGA-A7-A0DA-01,11,40050534,41235079,1184545
TCGA-A7-A0DA-01,11,41235144,41239607,4463
TCGA-A7-A0DA-01,11,41241738,50050722,8808984
TCGA-A7-A0DA-01,11,50051296,78061689,28010393
TCGA-A7-A0DA-01,11,78063602,78098727,35125
TCGA-A7-A0DA-01,11,78107608,84068600,5960992
TCGA-A7-A0DA-01,11,84185247,97676302,13491055
TCGA-A7-A0DA-01,11,97684602,110033237,12348635
TCGA-A7-A0DA-01,11,110033535,110187823,154288
TCGA-A7-A0DA-01,11,110188947,122986326,12797379
TCGA-A7-A0DA-01,11,122991436,124767290,1775854
TCGA-A7-A0DA-01,11,124790838,126776832,1985994
TCGA-A7-A0DA-01,11,126782534,127712554,930020
TCGA-A7-A0DA-01,11,127713173,134140152,6426979
TCGA-A7-A0DA-01,12,889902,95390854,94500952
TCGA-A7-A0DA-01,12,95394350,95411491,17141
TCGA-A7-A0DA-01,12,95416423,96907972,1491549
TCGA-A7-A0DA-01,12,96912598,96912699,101
TCGA-A7-A0DA-01,12,96912793,113532467,16619674
TCGA-A7-A0DA-01,12,113543621,113558943,15322
TCGA-A7-A0DA-01,12,113560904,124267638,10706734
TCGA-A7-A0DA-01,12,124267703,124281158,13455
TCGA-A7-A0DA-01,12,124285913,131280541,6994628
TCGA-A7-A0DA-01,12,131280714,131400652,119938
TCGA-A7-A0DA-01,12,131401591,132382967,981376
TCGA-A7-A0DA-01,12,132390163,133161346,771183
TCGA-A7-A0DA-01,13,19450806,22958377,3507571
TCGA-A7-A0DA-01,13,22958777,22961719,2942
TCGA-A7-A0DA-01,13,22963077,50494584,27531507
TCGA-A7-A0DA-01,13,51624282,61032739,9408457
TCGA-A7-A0DA-01,13,61036192,61051934,15742
TCGA-A7-A0DA-01,13,61052747,73577348,12524601
TCGA-A7-A0DA-01,13,73577728,73659459,81731
TCGA-A7-A0DA-01,13,73664475,84669551,11005076
TCGA-A7-A0DA-01,13,84675752,84683557,7805
TCGA-A7-A0DA-01,13,84684465,114987458,30302993
TCGA-A7-A0DA-01,14,20501368,20632200,130832
TCGA-A7-A0DA-01,14,20635506,22103133,1467627
TCGA-A7-A0DA-01,14,22103595,24425058,2321463
TCGA-A7-A0DA-01,14,24494243,24499991,5748
TCGA-A7-A0DA-01,14,24500103,42667291,18167188
TCGA-A7-A0DA-01,14,42668286,51647059,8978773
TCGA-A7-A0DA-01,14,51647640,51647805,165
TCGA-A7-A0DA-01,14,51648280,64849873,13201593
TCGA-A7-A0DA-01,14,64852905,79247438,14394533
TCGA-A7-A0DA-01,14,79250144,87102595,7852451
TCGA-A7-A0DA-01,14,87103671,87103697,26
TCGA-A7-A0DA-01,14,87109568,91352234,4242666
TCGA-A7-A0DA-01,14,91353825,103991999,12638174
TCGA-A7-A0DA-01,14,103996733,104028270,31537
TCGA-A7-A0DA-01,14,104028306,105988038,1959732
TCGA-A7-A0DA-01,15,23687685,58946989,35259304
TCGA-A7-A0DA-01,15,58949991,101884307,42934316
TCGA-A7-A0DA-01,16,653459,668967,15508
TCGA-A7-A0DA-01,16,668980,1522176,853196
TCGA-A7-A0DA-01,16,1522531,8925726,7403195
TCGA-A7-A0DA-01,16,9228532,19486418,10257886
TCGA-A7-A0DA-01,16,19493024,19527033,34009
TCGA-A7-A0DA-01,16,19536384,55104086,35567702
TCGA-A7-A0DA-01,16,55107319,60365853,5258534
TCGA-A7-A0DA-01,16,60367131,66920145,6553014
TCGA-A7-A0DA-01,16,66920452,66982994,62542
TCGA-A7-A0DA-01,16,66985138,73151404,6166266
TCGA-A7-A0DA-01,16,73152824,73160915,8091
TCGA-A7-A0DA-01,16,73161334,89379936,16218602
TCGA-A7-A0DA-01,17,987221,2587426,1600205
TCGA-A7-A0DA-01,17,2587892,7124865,4536973
TCGA-A7-A0DA-01,17,7124938,37956238,30831300
TCGA-A7-A0DA-01,17,37959118,38041774,82656
TCGA-A7-A0DA-01,17,38047471,39312322,1264851
TCGA-A7-A0DA-01,17,39313305,39527491,214186
TCGA-A7-A0DA-01,17,39527609,51876612,12349003
TCGA-A7-A0DA-01,17,51877098,70199652,18322554
TCGA-A7-A0DA-01,17,70200678,70200743,65
TCGA-A7-A0DA-01,17,70202106,77851318,7649212
TCGA-A7-A0DA-01,17,77852795,77852949,154
TCGA-A7-A0DA-01,17,77856615,80917016,3060401
TCGA-A7-A0DA-01,18,329586,1687514,1357928
TCGA-A7-A0DA-01,18,1699061,5618404,3919343
TCGA-A7-A0DA-01,18,5622011,6801200,1179189
TCGA-A7-A0DA-01,18,6816369,6905696,89327
TCGA-A7-A0DA-01,18,6905974,12752249,5846275
TCGA-A7-A0DA-01,18,12761428,13159765,398337
TCGA-A7-A0DA-01,18,13162450,13198053,35603
TCGA-A7-A0DA-01,18,13198214,14603859,1405645
TCGA-A7-A0DA-01,18,14604228,23532611,8928383
TCGA-A7-A0DA-01,18,23534765,23534768,3
TCGA-A7-A0DA-01,18,23535593,37310983,13775390
TCGA-A7-A0DA-01,18,37311340,77109240,39797900
TCGA-A7-A0DA-01,19,284018,7300055,7016037
TCGA-A7-A0DA-01,19,7304492,7397015,92523
TCGA-A7-A0DA-01,19,7398265,11109528,3711263
TCGA-A7-A0DA-01,19,11112112,11126088,13976
TCGA-A7-A0DA-01,19,11132080,13336263,2204183
TCGA-A7-A0DA-01,19,13337124,14999619,1662495
TCGA-A7-A0DA-01,19,15000922,16149180,1148258
TCGA-A7-A0DA-01,19,16152816,16296180,143364
TCGA-A7-A0DA-01,19,16296771,16297395,624
TCGA-A7-A0DA-01,19,16300299,16336401,36102
TCGA-A7-A0DA-01,19,16339715,17680101,1340386
TCGA-A7-A0DA-01,19,17683292,19459215,1775923
TCGA-A7-A0DA-01,19,19464817,24049393,4584576
TCGA-A7-A0DA-01,19,24049410,34186254,10136844
TCGA-A7-A0DA-01,19,34187282,34187345,63
TCGA-A7-A0DA-01,19,34187528,47399831,13212303
TCGA-A7-A0DA-01,19,47400590,47482415,81825
TCGA-A7-A0DA-01,19,47483306,56108491,8625185
TCGA-A7-A0DA-01,19,56119985,58878226,2758241
TCGA-A7-A0DA-01,20,455764,2771643,2315879
TCGA-A7-A0DA-01,20,2771921,2799807,27886
TCGA-A7-A0DA-01,20,2800801,29850586,27049785
TCGA-A7-A0DA-01,20,29850835,30600667,749832
TCGA-A7-A0DA-01,20,30608046,30611199,3153
TCGA-A7-A0DA-01,20,30611379,31817604,1206225
TCGA-A7-A0DA-01,20,31820760,51079154,19258394
TCGA-A7-A0DA-01,20,51079271,62219837,11140566
TCGA-A7-A0DA-01,21,15347621,31137937,15790316
TCGA-A7-A0DA-01,21,31140753,31232098,91345
TCGA-A7-A0DA-01,21,31233394,34293409,3060015
TCGA-A7-A0DA-01,21,34294322,34344544,50222
TCGA-A7-A0DA-01,21,34345967,36666340,2320373
TCGA-A7-A0DA-01,21,36666460,36666734,274
TCGA-A7-A0DA-01,21,36669447,47678774,11009327
TCGA-A7-A0DA-01,22,17423930,38500382,21076452
TCGA-A7-A0DA-01,22,38546700,46425538,7878838
TCGA-A7-A0DA-01,22,46425646,46502870,77224
TCGA-A7-A0DA-01,22,46505806,49331012,2825206
TCGA-A7-A0DA-01,23,3157107,12870928,9713821
TCGA-A7-A0DA-01,23,12875371,15714896,2839525
TCGA-A7-A0DA-01,23,15714947,15714955,8
TCGA-A7-A0DA-01,23,15723145,17947076,2223931
TCGA-A7-A0DA-01,23,17947994,27139830,9191836
TCGA-A7-A0DA-01,23,27144445,27420158,275713
TCGA-A7-A0DA-01,23,27420255,35078650,7658395
TCGA-A7-A0DA-01,23,35080078,39389676,4309598
TCGA-A7-A0DA-01,23,39391529,39514486,122957
TCGA-A7-A0DA-01,23,39516026,40585785,1069759
TCGA-A7-A0DA-01,23,40590550,47249792,6659242
TCGA-A7-A0DA-01,23,47250485,47350363,99878
TCGA-A7-A0DA-01,23,47350952,50638685,3287733
TCGA-A7-A0DA-01,23,50638783,50639531,748
TCGA-A7-A0DA-01,23,50640971,58317986,7677015
TCGA-A7-A0DA-01,23,62172719,63472146,1299427
TCGA-A7-A0DA-01,23,63479145,63479197,52
TCGA-A7-A0DA-01,23,63481016,66435313,2954297
TCGA-A7-A0DA-01,23,66439566,83088708,16649142
TCGA-A7-A0DA-01,23,83090604,83448118,357514
TCGA-A7-A0DA-01,23,83448176,83496176,48000
TCGA-A7-A0DA-01,23,83502454,86858152,3355698
TCGA-A7-A0DA-01,23,86859051,86888867,29816
TCGA-A7-A0DA-01,23,86895255,154905589,68010334
TCGA-A7-A0CD-01,1,3218610,21374810,18156200
TCGA-A7-A0CD-01,1,21376914,21377209,295
TCGA-A7-A0CD-01,1,21377583,45626175,24248592
TCGA-A7-A0CD-01,1,45634781,45641567,6786
TCGA-A7-A0CD-01,1,45641788,120527361,74885573
TCGA-A7-A0CD-01,1,149879545,170237525,20357980
TCGA-A7-A0CD-01,1,170239441,170239716,275
TCGA-A7-A0CD-01,1,170240085,227005004,56764919
TCGA-A7-A0CD-01,1,227006972,227007182,210
TCGA-A7-A0CD-01,1,227013696,247813706,20800010
TCGA-A7-A0CD-01,2,484222,2248527,1764305
TCGA-A7-A0CD-01,2,2249041,2249881,840
TCGA-A7-A0CD-01,2,2249940,242476062,240226122
TCGA-A7-A0CD-01,3,2212571,197538677,195326106
TCGA-A7-A0CD-01,4,1053934,7576413,6522479
TCGA-A7-A0CD-01,4,7578042,7579715,1673
TCGA-A7-A0CD-01,4,7579868,66567056,58987188
TCGA-A7-A0CD-01,4,66567179,66567198,19
TCGA-A7-A0CD-01,4,66568768,188763651,122194883
TCGA-A7-A0CD-01,5,914233,180360469,179446236
TCGA-A7-A0CD-01,6,1014281,21994744,20980463
TCGA-A7-A0CD-01,6,21995123,21995175,52
TCGA-A7-A0CD-01,6,21995734,24322037,2326303
TCGA-A7-A0CD-01,6,24325809,24326285,476
TCGA-A7-A0CD-01,6,24328706,27090404,2761698
TCGA-A7-A0CD-01,6,27094956,27095134,178
TCGA-A7-A0CD-01,6,27095709,43038591,15942882
TCGA-A7-A0CD-01,6,43038706,43038927,221
TCGA-A7-A0CD-01,6,43039088,71074898,28035810
TCGA-A7-A0CD-01,6,71075085,71075146,61
TCGA-A7-A0CD-01,6,71075888,72578767,1502879
TCGA-A7-A0CD-01,6,72578985,170903919,98324934
TCGA-A7-A0CD-01,7,705284,1932181,1226897
TCGA-A7-A0CD-01,7,1934131,1934642,511
TCGA-A7-A0CD-01,7,1936488,57935910,55999422
TCGA-A7-A0CD-01,7,63112265,63114887,2622
TCGA-A7-A0CD-01,7,63115016,118261173,55146157
TCGA-A7-A0CD-01,7,118267156,118267637,481
TCGA-A7-A0CD-01,7,118267904,142645774,24377870
TCGA-A7-A0CD-01,7,142645930,142660340,14410
TCGA-A7-A0CD-01,7,142660458,158385118,15724660
TCGA-A7-A0CD-01,8,617667,10938260,10320593
TCGA-A7-A0CD-01,8,10938355,11609715,671360
TCGA-A7-A0CD-01,8,11610674,70207916,58597242
TCGA-A7-A0CD-01,8,70207946,70208266,320
TCGA-A7-A0CD-01,8,70208291,145232496,75024205
TCGA-A7-A0CD-01,9,789932,140938752,140148820
TCGA-A7-A0CD-01,10,415240,55547003,55131763
TCGA-A7-A0CD-01,10,55547803,55548321,518
TCGA-A7-A0CD-01,10,55550370,91869767,36319397
TCGA-A7-A0CD-01,10,91869843,91869909,66
TCGA-A7-A0CD-01,10,91871029,135225087,43354058
TCGA-A7-A0CD-01,11,456120,134142530,133686410
TCGA-A7-A0CD-01,12,889902,133161346,132271444
TCGA-A7-A0CD-01,13,19450806,111858599,92407793
TCGA-A7-A0CD-01,13,111860716,111864889,4173
TCGA-A7-A0CD-01,13,111866545,114987458,3120913
TCGA-A7-A0CD-01,14,20501368,105988038,85486670
TCGA-A7-A0CD-01,15,23687685,101884307,78196622
TCGA-A7-A0CD-01,16,653459,31850299,31196840
TCGA-A7-A0CD-01,16,46507665,88043875,41536210
TCGA-A7-A0CD-01,16,88044779,88051561,6782
TCGA-A7-A0CD-01,16,88052161,89379936,1327775
TCGA-A7-A0CD-01,17,987221,19774716,18787495
TCGA-A7-A0CD-01,17,19777544,80639370,60861826
TCGA-A7-A0CD-01,17,80639411,80639681,270
TCGA-A7-A0CD-01,17,80645830,80917016,271186
TCGA-A7-A0CD-01,18,329586,77109240,76779654
TCGA-A7-A0CD-01,19,284018,7300055,7016037
TCGA-A7-A0CD-01,19,7304492,7397015,92523
TCGA-A7-A0CD-01,19,7398265,58878226,51479961
TCGA-A7-A0CD-01,20,455764,62219837,61764073
TCGA-A7-A0CD-01,21,15347621,47678774,32331153
TCGA-A7-A0CD-01,22,17423930,49331012,31907082
TCGA-A7-A0CD-01,23,3157107,154905589,151748482
TCGA-D8-A13Z-01,1,3218610,82415714,79197104
TCGA-D8-A13Z-01,1,82415727,82415901,174
TCGA-D8-A13Z-01,1,82416220,82715303,299083
TCGA-D8-A13Z-01,1,82723431,82773106,49675
TCGA-D8-A13Z-01,1,82779948,82794333,14385
TCGA-D8-A13Z-01,1,82796023,114828706,32032683
TCGA-D8-A13Z-01,1,114833941,161212294,46378353
TCGA-D8-A13Z-01,1,161212569,181418338,20205769
TCGA-D8-A13Z-01,1,181418525,183198365,1779840
TCGA-D8-A13Z-01,1,183202992,187007484,3804492
TCGA-D8-A13Z-01,1,187008558,187292608,284050
TCGA-D8-A13Z-01,1,187298367,187446720,148353
TCGA-D8-A13Z-01,1,187446749,189002441,1555692
TCGA-D8-A13Z-01,1,189002697,189256792,254095
TCGA-D8-A13Z-01,1,189546988,247813706,58266718
